959778706071
959778707020
959778702980
959778708881
959778708790
959778704889
959778709894
959778706277
959778707810
959778702506
959778708705
959778705914
959778704573
959778705411
959778708995
959778702286
959778705777
959778707150
959778705990
959778707031
959778706196
959778704045
959778708549
959778706645
959778707925
959778702620
959778707310
959778702351
959778705880
959778708773
959778700797
959778705364
959778705666
959778703903
959778704789
959778703489
959778700788
959778706676
959778706560
959778705235
959778703828
959778703174
959778701715
959778705384
959778700361
959778702081
959778705262
959778707414
959778705517
959778706893
959778705977
959778706570
959778701421
959778703132
959778708946
959778709110
959778704957
959778700758
959778708350
959778707800
959778706740
959778703511
959778708564
959778707058
959778707368
959778707445
959778708215
959778709644
959778704620
959778705233
959778702974
959778700351
959778705778
959778701213
959778706173
959778704754
959778703031
959778709007
959778702614
959778701726
959778706273
959778705459
959778700425
959778708010
959778706797
959778702082
959778705611
959778702468
959778709370
959778705174
959778704499
959778708679
959778707648
959778707673
959778705068
959778700056
59778700056
959778702837
959778709726
959778708471
959776181085
